EBT: 90.000000
Profit: 87.300000
Ratio: 1.030928
